<?xml version="1.0"?>
<opencv_storage>
<cameraMatrix type_id="opencv-matrix">
  <rows>3</rows>
  <cols>3</cols>
  <dt>d</dt>
  <data>
    7.9607200610025779e+02 0. 960. 0. 7.9786664330345047e+02 540. 0. 0.
    1.</data></cameraMatrix>
<distCoeffs type_id="opencv-matrix">
  <rows>1</rows>
  <cols>5</cols>
  <dt>d</dt>
  <data>
    -3.3178599816336740e-01 1.5265063658719077e-01
    -3.9827061881937860e-03 2.1764403622656892e-03
    -4.6455796545855375e-02</data></distCoeffs>
</opencv_storage>
